{
    "frames": [
        {
            "file_path": "images/ref_frame_0000.png",
            "transform_matrix": [
                [
                    -1.0,
                    0.0,
                    -0.0,
                    0.0
                ],
                [
                    -0.0,
                    1.0,
                    -0.0,
                    0.0
                ],
                [
                    -0.0,
                    0.0,
                    -1.0,
                    -1.0
                ],
                [
                    0.0,
                    0.0,
                    0.0,
                    1.0
                ]
            ],
            "fl_x": 443.4049987792969,
            "fl_y": 443.4049987792969,
            "cx": 256.0,
            "cy": 256.0,
            "w": 512.0,
            "h": 512.0,
            "mask_path": "masks/ref_frame_0000.png",
            "depth_file_path": "depths/ref_frame_0000.npy"
        },
        {
            "file_path": "images/frame_0000.png",
            "transform_matrix": [
                [
                    -0.9969173669815063,
                    0.0,
                    0.07845910638570786,
                    0.07845909148454666
                ],
                [
                    0.0,
                    1.0,
                    -0.0,
                    0.0
                ],
                [
                    -0.07845910638570786,
                    0.0,
                    -0.9969173669815063,
                    -0.9969172477722168
                ],
                [
                    0.0,
                    0.0,
                    0.0,
                    1.0
                ]
            ],
            "fl_x": 443.4049987792969,
            "fl_y": 443.4049987792969,
            "cx": 256.0,
            "cy": 256.0,
            "w": 512.0,
            "h": 512.0,
            "mask_path": "masks/frame_0000.png",
            "depth_file_path": "depths/frame_0000.npy"
        },
        {
            "file_path": "images/frame_0001.png",
            "transform_matrix": [
                [
                    -0.9876883625984192,
                    0.0,
                    0.15643446147441864,
                    0.15643446147441864
                ],
                [
                    0.0,
                    1.0,
                    -0.0,
                    0.0
                ],
                [
                    -0.15643446147441864,
                    0.0,
                    -0.9876883625984192,
                    -0.9876883625984192
                ],
                [
                    0.0,
                    0.0,
                    0.0,
                    1.0
                ]
            ],
            "fl_x": 443.4049987792969,
            "fl_y": 443.4049987792969,
            "cx": 256.0,
            "cy": 256.0,
            "w": 512.0,
            "h": 512.0,
            "mask_path": "masks/frame_0001.png",
            "depth_file_path": "depths/frame_0001.npy"
        },
        {
            "file_path": "images/frame_0002.png",
            "transform_matrix": [
                [
                    -0.972369909286499,
                    0.0,
                    0.23344536125659943,
                    0.23344536125659943
                ],
                [
                    0.0,
                    1.0,
                    -0.0,
                    0.0
                ],
                [
                    -0.23344536125659943,
                    0.0,
                    -0.972369909286499,
                    -0.972369909286499
                ],
                [
                    0.0,
                    0.0,
                    0.0,
                    1.0
                ]
            ],
            "fl_x": 443.4049987792969,
            "fl_y": 443.4049987792969,
            "cx": 256.0,
            "cy": 256.0,
            "w": 512.0,
            "h": 512.0,
            "mask_path": "masks/frame_0002.png",
            "depth_file_path": "depths/frame_0002.npy"
        },
        {
            "file_path": "images/frame_0003.png",
            "transform_matrix": [
                [
                    -0.9510565400123596,
                    0.0,
                    0.30901700258255005,
                    0.30901697278022766
                ],
                [
                    0.0,
                    1.0,
                    -0.0,
                    0.0
                ],
                [
                    -0.30901700258255005,
                    0.0,
                    -0.9510565400123596,
                    -0.9510564804077148
                ],
                [
                    0.0,
                    0.0,
                    0.0,
                    1.0
                ]
            ],
            "fl_x": 443.4049987792969,
            "fl_y": 443.4049987792969,
            "cx": 256.0,
            "cy": 256.0,
            "w": 512.0,
            "h": 512.0,
            "mask_path": "masks/frame_0003.png",
            "depth_file_path": "depths/frame_0003.npy"
        },
        {
            "file_path": "images/frame_0004.png",
            "transform_matrix": [
                [
                    -0.9238795638084412,
                    0.0,
                    0.3826834559440613,
                    0.3826834261417389
                ],
                [
                    0.0,
                    1.0,
                    -0.0,
                    0.0
                ],
                [
                    -0.3826834559440613,
                    0.0,
                    -0.9238795638084412,
                    -0.9238795042037964
                ],
                [
                    0.0,
                    0.0,
                    0.0,
                    1.0
                ]
            ],
            "fl_x": 443.4049987792969,
            "fl_y": 443.4049987792969,
            "cx": 256.0,
            "cy": 256.0,
            "w": 512.0,
            "h": 512.0,
            "mask_path": "masks/frame_0004.png",
            "depth_file_path": "depths/frame_0004.npy"
        },
        {
            "file_path": "images/frame_0005.png",
            "transform_matrix": [
                [
                    -0.8910065293312073,
                    0.0,
                    0.45399048924446106,
                    0.45399045944213867
                ],
                [
                    0.0,
                    1.0,
                    -0.0,
                    0.0
                ],
                [
                    -0.45399048924446106,
                    0.0,
                    -0.8910065293312073,
                    -0.8910065293312073
                ],
                [
                    0.0,
                    0.0,
                    0.0,
                    1.0
                ]
            ],
            "fl_x": 443.4049987792969,
            "fl_y": 443.4049987792969,
            "cx": 256.0,
            "cy": 256.0,
            "w": 512.0,
            "h": 512.0,
            "mask_path": "masks/frame_0005.png",
            "depth_file_path": "depths/frame_0005.npy"
        },
        {
            "file_path": "images/frame_0006.png",
            "transform_matrix": [
                [
                    -0.8526402115821838,
                    0.0,
                    0.522498607635498,
                    0.5224985480308533
                ],
                [
                    0.0,
                    1.0,
                    -0.0,
                    0.0
                ],
                [
                    -0.522498607635498,
                    0.0,
                    -0.8526402115821838,
                    -0.8526401519775391
                ],
                [
                    0.0,
                    0.0,
                    0.0,
                    1.0
                ]
            ],
            "fl_x": 443.4049987792969,
            "fl_y": 443.4049987792969,
            "cx": 256.0,
            "cy": 256.0,
            "w": 512.0,
            "h": 512.0,
            "mask_path": "masks/frame_0006.png",
            "depth_file_path": "depths/frame_0006.npy"
        },
        {
            "file_path": "images/frame_0007.png",
            "transform_matrix": [
                [
                    -0.80901700258255,
                    0.0,
                    0.5877852439880371,
                    0.5877852439880371
                ],
                [
                    0.0,
                    1.0,
                    -0.0,
                    0.0
                ],
                [
                    -0.5877852439880371,
                    0.0,
                    -0.80901700258255,
                    -0.80901700258255
                ],
                [
                    0.0,
                    0.0,
                    0.0,
                    1.0
                ]
            ],
            "fl_x": 443.4049987792969,
            "fl_y": 443.4049987792969,
            "cx": 256.0,
            "cy": 256.0,
            "w": 512.0,
            "h": 512.0,
            "mask_path": "masks/frame_0007.png",
            "depth_file_path": "depths/frame_0007.npy"
        },
        {
            "file_path": "images/frame_0008.png",
            "transform_matrix": [
                [
                    -0.7604060173034668,
                    0.0,
                    0.649448037147522,
                    0.6494480967521667
                ],
                [
                    0.0,
                    1.0,
                    -0.0,
                    0.0
                ],
                [
                    -0.6494480967521667,
                    0.0,
                    -0.760405957698822,
                    -0.7604060173034668
                ],
                [
                    0.0,
                    0.0,
                    0.0,
                    1.0
                ]
            ],
            "fl_x": 443.4049987792969,
            "fl_y": 443.4049987792969,
            "cx": 256.0,
            "cy": 256.0,
            "w": 512.0,
            "h": 512.0,
            "mask_path": "masks/frame_0008.png",
            "depth_file_path": "depths/frame_0008.npy"
        },
        {
            "file_path": "images/frame_0009.png",
            "transform_matrix": [
                [
                    -0.7071068286895752,
                    0.0,
                    0.7071068286895752,
                    0.7071067094802856
                ],
                [
                    0.0,
                    1.0,
                    -0.0,
                    0.0
                ],
                [
                    -0.7071068286895752,
                    0.0,
                    -0.7071068286895752,
                    -0.7071067094802856
                ],
                [
                    0.0,
                    0.0,
                    0.0,
                    1.0
                ]
            ],
            "fl_x": 443.4049987792969,
            "fl_y": 443.4049987792969,
            "cx": 256.0,
            "cy": 256.0,
            "w": 512.0,
            "h": 512.0,
            "mask_path": "masks/frame_0009.png",
            "depth_file_path": "depths/frame_0009.npy"
        },
        {
            "file_path": "images/frame_0010.png",
            "transform_matrix": [
                [
                    -0.6494480967521667,
                    0.0,
                    0.7604060173034668,
                    0.7604058980941772
                ],
                [
                    0.0,
                    1.0,
                    -0.0,
                    0.0
                ],
                [
                    -0.7604060173034668,
                    0.0,
                    -0.6494480967521667,
                    -0.649448037147522
                ],
                [
                    0.0,
                    0.0,
                    0.0,
                    1.0
                ]
            ],
            "fl_x": 443.4049987792969,
            "fl_y": 443.4049987792969,
            "cx": 256.0,
            "cy": 256.0,
            "w": 512.0,
            "h": 512.0,
            "mask_path": "masks/frame_0010.png",
            "depth_file_path": "depths/frame_0010.npy"
        },
        {
            "file_path": "images/frame_0011.png",
            "transform_matrix": [
                [
                    -0.5877852439880371,
                    0.0,
                    0.80901700258255,
                    0.80901700258255
                ],
                [
                    0.0,
                    1.0,
                    -0.0,
                    0.0
                ],
                [
                    -0.80901700258255,
                    0.0,
                    -0.5877852439880371,
                    -0.5877852439880371
                ],
                [
                    0.0,
                    0.0,
                    0.0,
                    1.0
                ]
            ],
            "fl_x": 443.4049987792969,
            "fl_y": 443.4049987792969,
            "cx": 256.0,
            "cy": 256.0,
            "w": 512.0,
            "h": 512.0,
            "mask_path": "masks/frame_0011.png",
            "depth_file_path": "depths/frame_0011.npy"
        },
        {
            "file_path": "images/frame_0012.png",
            "transform_matrix": [
                [
                    -0.522498607635498,
                    0.0,
                    0.8526402115821838,
                    0.8526400923728943
                ],
                [
                    0.0,
                    1.0,
                    -0.0,
                    0.0
                ],
                [
                    -0.8526402115821838,
                    0.0,
                    -0.522498607635498,
                    -0.5224985480308533
                ],
                [
                    0.0,
                    0.0,
                    0.0,
                    1.0
                ]
            ],
            "fl_x": 443.4049987792969,
            "fl_y": 443.4049987792969,
            "cx": 256.0,
            "cy": 256.0,
            "w": 512.0,
            "h": 512.0,
            "mask_path": "masks/frame_0012.png",
            "depth_file_path": "depths/frame_0012.npy"
        },
        {
            "file_path": "images/frame_0013.png",
            "transform_matrix": [
                [
                    -0.45399048924446106,
                    0.0,
                    0.8910065293312073,
                    0.891006588935852
                ],
                [
                    0.0,
                    1.0,
                    -0.0,
                    0.0
                ],
                [
                    -0.8910065293312073,
                    0.0,
                    -0.45399048924446106,
                    -0.45399048924446106
                ],
                [
                    0.0,
                    0.0,
                    0.0,
                    1.0
                ]
            ],
            "fl_x": 443.4049987792969,
            "fl_y": 443.4049987792969,
            "cx": 256.0,
            "cy": 256.0,
            "w": 512.0,
            "h": 512.0,
            "mask_path": "masks/frame_0013.png",
            "depth_file_path": "depths/frame_0013.npy"
        },
        {
            "file_path": "images/frame_0014.png",
            "transform_matrix": [
                [
                    -0.3826834559440613,
                    0.0,
                    0.9238795638084412,
                    0.9238795042037964
                ],
                [
                    0.0,
                    1.0,
                    -0.0,
                    0.0
                ],
                [
                    -0.9238795638084412,
                    0.0,
                    -0.3826834559440613,
                    -0.3826834261417389
                ],
                [
                    0.0,
                    0.0,
                    0.0,
                    1.0
                ]
            ],
            "fl_x": 443.4049987792969,
            "fl_y": 443.4049987792969,
            "cx": 256.0,
            "cy": 256.0,
            "w": 512.0,
            "h": 512.0,
            "mask_path": "masks/frame_0014.png",
            "depth_file_path": "depths/frame_0014.npy"
        },
        {
            "file_path": "images/frame_0015.png",
            "transform_matrix": [
                [
                    -0.30901700258255005,
                    0.0,
                    0.9510565400123596,
                    0.9510564804077148
                ],
                [
                    0.0,
                    1.0,
                    -0.0,
                    0.0
                ],
                [
                    -0.9510565400123596,
                    0.0,
                    -0.30901700258255005,
                    -0.30901697278022766
                ],
                [
                    0.0,
                    0.0,
                    0.0,
                    1.0
                ]
            ],
            "fl_x": 443.4049987792969,
            "fl_y": 443.4049987792969,
            "cx": 256.0,
            "cy": 256.0,
            "w": 512.0,
            "h": 512.0,
            "mask_path": "masks/frame_0015.png",
            "depth_file_path": "depths/frame_0015.npy"
        },
        {
            "file_path": "images/frame_0016.png",
            "transform_matrix": [
                [
                    -0.23344536125659943,
                    0.0,
                    0.972369909286499,
                    0.972369909286499
                ],
                [
                    0.0,
                    1.0,
                    -0.0,
                    0.0
                ],
                [
                    -0.972369909286499,
                    0.0,
                    -0.23344536125659943,
                    -0.23344536125659943
                ],
                [
                    0.0,
                    0.0,
                    0.0,
                    1.0
                ]
            ],
            "fl_x": 443.4049987792969,
            "fl_y": 443.4049987792969,
            "cx": 256.0,
            "cy": 256.0,
            "w": 512.0,
            "h": 512.0,
            "mask_path": "masks/frame_0016.png",
            "depth_file_path": "depths/frame_0016.npy"
        },
        {
            "file_path": "images/frame_0017.png",
            "transform_matrix": [
                [
                    -0.15643446147441864,
                    0.0,
                    0.9876883625984192,
                    0.9876883625984192
                ],
                [
                    0.0,
                    1.0,
                    -0.0,
                    0.0
                ],
                [
                    -0.9876883625984192,
                    0.0,
                    -0.15643446147441864,
                    -0.15643447637557983
                ],
                [
                    0.0,
                    0.0,
                    0.0,
                    1.0
                ]
            ],
            "fl_x": 443.4049987792969,
            "fl_y": 443.4049987792969,
            "cx": 256.0,
            "cy": 256.0,
            "w": 512.0,
            "h": 512.0,
            "mask_path": "masks/frame_0017.png",
            "depth_file_path": "depths/frame_0017.npy"
        },
        {
            "file_path": "images/frame_0018.png",
            "transform_matrix": [
                [
                    -0.07845910638570786,
                    0.0,
                    0.9969173669815063,
                    0.9969173073768616
                ],
                [
                    0.0,
                    1.0,
                    -0.0,
                    0.0
                ],
                [
                    -0.9969173669815063,
                    0.0,
                    -0.07845910638570786,
                    -0.07845909148454666
                ],
                [
                    0.0,
                    0.0,
                    0.0,
                    1.0
                ]
            ],
            "fl_x": 443.4049987792969,
            "fl_y": 443.4049987792969,
            "cx": 256.0,
            "cy": 256.0,
            "w": 512.0,
            "h": 512.0,
            "mask_path": "masks/frame_0018.png",
            "depth_file_path": "depths/frame_0018.npy"
        },
        {
            "file_path": "images/frame_0019.png",
            "transform_matrix": [
                [
                    -6.123234262925839e-17,
                    0.0,
                    1.0,
                    1.0
                ],
                [
                    0.0,
                    1.0,
                    -0.0,
                    0.0
                ],
                [
                    -1.0,
                    0.0,
                    -6.123234262925839e-17,
                    -6.123234262925839e-17
                ],
                [
                    0.0,
                    0.0,
                    0.0,
                    1.0
                ]
            ],
            "fl_x": 443.4049987792969,
            "fl_y": 443.4049987792969,
            "cx": 256.0,
            "cy": 256.0,
            "w": 512.0,
            "h": 512.0,
            "mask_path": "masks/frame_0019.png",
            "depth_file_path": "depths/frame_0019.npy"
        },
        {
            "file_path": "images/frame_0020.png",
            "transform_matrix": [
                [
                    0.07845910638570786,
                    0.0,
                    0.9969173669815063,
                    0.9969173073768616
                ],
                [
                    -0.0,
                    1.0,
                    -0.0,
                    0.0
                ],
                [
                    -0.9969173669815063,
                    0.0,
                    0.07845910638570786,
                    0.07845909148454666
                ],
                [
                    0.0,
                    0.0,
                    0.0,
                    1.0
                ]
            ],
            "fl_x": 443.4049987792969,
            "fl_y": 443.4049987792969,
            "cx": 256.0,
            "cy": 256.0,
            "w": 512.0,
            "h": 512.0,
            "mask_path": "masks/frame_0020.png",
            "depth_file_path": "depths/frame_0020.npy"
        },
        {
            "file_path": "images/frame_0021.png",
            "transform_matrix": [
                [
                    0.15643446147441864,
                    0.0,
                    0.9876883625984192,
                    0.9876883625984192
                ],
                [
                    -0.0,
                    1.0,
                    -0.0,
                    0.0
                ],
                [
                    -0.9876883625984192,
                    0.0,
                    0.15643446147441864,
                    0.15643447637557983
                ],
                [
                    0.0,
                    0.0,
                    0.0,
                    1.0
                ]
            ],
            "fl_x": 443.4049987792969,
            "fl_y": 443.4049987792969,
            "cx": 256.0,
            "cy": 256.0,
            "w": 512.0,
            "h": 512.0,
            "mask_path": "masks/frame_0021.png",
            "depth_file_path": "depths/frame_0021.npy"
        },
        {
            "file_path": "images/frame_0022.png",
            "transform_matrix": [
                [
                    0.23344536125659943,
                    0.0,
                    0.972369909286499,
                    0.972369909286499
                ],
                [
                    -0.0,
                    1.0,
                    -0.0,
                    0.0
                ],
                [
                    -0.972369909286499,
                    0.0,
                    0.23344536125659943,
                    0.23344536125659943
                ],
                [
                    0.0,
                    0.0,
                    0.0,
                    1.0
                ]
            ],
            "fl_x": 443.4049987792969,
            "fl_y": 443.4049987792969,
            "cx": 256.0,
            "cy": 256.0,
            "w": 512.0,
            "h": 512.0,
            "mask_path": "masks/frame_0022.png",
            "depth_file_path": "depths/frame_0022.npy"
        },
        {
            "file_path": "images/frame_0023.png",
            "transform_matrix": [
                [
                    0.30901700258255005,
                    0.0,
                    0.9510565400123596,
                    0.9510564804077148
                ],
                [
                    -0.0,
                    1.0,
                    -0.0,
                    0.0
                ],
                [
                    -0.9510565400123596,
                    0.0,
                    0.30901700258255005,
                    0.30901697278022766
                ],
                [
                    0.0,
                    0.0,
                    0.0,
                    1.0
                ]
            ],
            "fl_x": 443.4049987792969,
            "fl_y": 443.4049987792969,
            "cx": 256.0,
            "cy": 256.0,
            "w": 512.0,
            "h": 512.0,
            "mask_path": "masks/frame_0023.png",
            "depth_file_path": "depths/frame_0023.npy"
        },
        {
            "file_path": "images/frame_0024.png",
            "transform_matrix": [
                [
                    0.3826834559440613,
                    0.0,
                    0.9238795638084412,
                    0.9238795042037964
                ],
                [
                    -0.0,
                    1.0,
                    -0.0,
                    0.0
                ],
                [
                    -0.9238795638084412,
                    0.0,
                    0.3826834559440613,
                    0.3826834261417389
                ],
                [
                    0.0,
                    0.0,
                    0.0,
                    1.0
                ]
            ],
            "fl_x": 443.4049987792969,
            "fl_y": 443.4049987792969,
            "cx": 256.0,
            "cy": 256.0,
            "w": 512.0,
            "h": 512.0,
            "mask_path": "masks/frame_0024.png",
            "depth_file_path": "depths/frame_0024.npy"
        },
        {
            "file_path": "images/frame_0025.png",
            "transform_matrix": [
                [
                    0.45399048924446106,
                    0.0,
                    0.8910065293312073,
                    0.891006588935852
                ],
                [
                    -0.0,
                    1.0,
                    -0.0,
                    0.0
                ],
                [
                    -0.8910065293312073,
                    0.0,
                    0.45399048924446106,
                    0.45399048924446106
                ],
                [
                    0.0,
                    0.0,
                    0.0,
                    1.0
                ]
            ],
            "fl_x": 443.4049987792969,
            "fl_y": 443.4049987792969,
            "cx": 256.0,
            "cy": 256.0,
            "w": 512.0,
            "h": 512.0,
            "mask_path": "masks/frame_0025.png",
            "depth_file_path": "depths/frame_0025.npy"
        },
        {
            "file_path": "images/frame_0026.png",
            "transform_matrix": [
                [
                    0.522498607635498,
                    0.0,
                    0.8526402115821838,
                    0.8526400923728943
                ],
                [
                    -0.0,
                    1.0,
                    -0.0,
                    0.0
                ],
                [
                    -0.8526402115821838,
                    0.0,
                    0.522498607635498,
                    0.5224985480308533
                ],
                [
                    0.0,
                    0.0,
                    0.0,
                    1.0
                ]
            ],
            "fl_x": 443.4049987792969,
            "fl_y": 443.4049987792969,
            "cx": 256.0,
            "cy": 256.0,
            "w": 512.0,
            "h": 512.0,
            "mask_path": "masks/frame_0026.png",
            "depth_file_path": "depths/frame_0026.npy"
        },
        {
            "file_path": "images/frame_0027.png",
            "transform_matrix": [
                [
                    0.5877852439880371,
                    0.0,
                    0.80901700258255,
                    0.80901700258255
                ],
                [
                    -0.0,
                    1.0,
                    -0.0,
                    0.0
                ],
                [
                    -0.80901700258255,
                    0.0,
                    0.5877852439880371,
                    0.5877852439880371
                ],
                [
                    0.0,
                    0.0,
                    0.0,
                    1.0
                ]
            ],
            "fl_x": 443.4049987792969,
            "fl_y": 443.4049987792969,
            "cx": 256.0,
            "cy": 256.0,
            "w": 512.0,
            "h": 512.0,
            "mask_path": "masks/frame_0027.png",
            "depth_file_path": "depths/frame_0027.npy"
        },
        {
            "file_path": "images/frame_0028.png",
            "transform_matrix": [
                [
                    0.6494480967521667,
                    0.0,
                    0.7604060173034668,
                    0.7604058980941772
                ],
                [
                    -0.0,
                    1.0,
                    -0.0,
                    0.0
                ],
                [
                    -0.7604060173034668,
                    0.0,
                    0.6494480967521667,
                    0.649448037147522
                ],
                [
                    0.0,
                    0.0,
                    0.0,
                    1.0
                ]
            ],
            "fl_x": 443.4049987792969,
            "fl_y": 443.4049987792969,
            "cx": 256.0,
            "cy": 256.0,
            "w": 512.0,
            "h": 512.0,
            "mask_path": "masks/frame_0028.png",
            "depth_file_path": "depths/frame_0028.npy"
        },
        {
            "file_path": "images/frame_0029.png",
            "transform_matrix": [
                [
                    0.7071068286895752,
                    0.0,
                    0.7071068286895752,
                    0.7071067094802856
                ],
                [
                    -0.0,
                    1.0,
                    -0.0,
                    0.0
                ],
                [
                    -0.7071068286895752,
                    0.0,
                    0.7071068286895752,
                    0.7071067094802856
                ],
                [
                    0.0,
                    0.0,
                    0.0,
                    1.0
                ]
            ],
            "fl_x": 443.4049987792969,
            "fl_y": 443.4049987792969,
            "cx": 256.0,
            "cy": 256.0,
            "w": 512.0,
            "h": 512.0,
            "mask_path": "masks/frame_0029.png",
            "depth_file_path": "depths/frame_0029.npy"
        },
        {
            "file_path": "images/frame_0030.png",
            "transform_matrix": [
                [
                    0.7604060173034668,
                    0.0,
                    0.649448037147522,
                    0.6494480967521667
                ],
                [
                    -0.0,
                    1.0,
                    -0.0,
                    0.0
                ],
                [
                    -0.6494480967521667,
                    0.0,
                    0.760405957698822,
                    0.7604060173034668
                ],
                [
                    0.0,
                    0.0,
                    0.0,
                    1.0
                ]
            ],
            "fl_x": 443.4049987792969,
            "fl_y": 443.4049987792969,
            "cx": 256.0,
            "cy": 256.0,
            "w": 512.0,
            "h": 512.0,
            "mask_path": "masks/frame_0030.png",
            "depth_file_path": "depths/frame_0030.npy"
        },
        {
            "file_path": "images/frame_0031.png",
            "transform_matrix": [
                [
                    0.80901700258255,
                    0.0,
                    0.5877852439880371,
                    0.5877852439880371
                ],
                [
                    -0.0,
                    1.0,
                    -0.0,
                    0.0
                ],
                [
                    -0.5877852439880371,
                    0.0,
                    0.80901700258255,
                    0.80901700258255
                ],
                [
                    0.0,
                    0.0,
                    0.0,
                    1.0
                ]
            ],
            "fl_x": 443.4049987792969,
            "fl_y": 443.4049987792969,
            "cx": 256.0,
            "cy": 256.0,
            "w": 512.0,
            "h": 512.0,
            "mask_path": "masks/frame_0031.png",
            "depth_file_path": "depths/frame_0031.npy"
        },
        {
            "file_path": "images/frame_0032.png",
            "transform_matrix": [
                [
                    0.8526402115821838,
                    0.0,
                    0.522498607635498,
                    0.5224985480308533
                ],
                [
                    -0.0,
                    1.0,
                    -0.0,
                    0.0
                ],
                [
                    -0.522498607635498,
                    0.0,
                    0.8526402115821838,
                    0.8526401519775391
                ],
                [
                    0.0,
                    0.0,
                    0.0,
                    1.0
                ]
            ],
            "fl_x": 443.4049987792969,
            "fl_y": 443.4049987792969,
            "cx": 256.0,
            "cy": 256.0,
            "w": 512.0,
            "h": 512.0,
            "mask_path": "masks/frame_0032.png",
            "depth_file_path": "depths/frame_0032.npy"
        },
        {
            "file_path": "images/frame_0033.png",
            "transform_matrix": [
                [
                    0.8910065293312073,
                    0.0,
                    0.45399048924446106,
                    0.45399045944213867
                ],
                [
                    -0.0,
                    1.0,
                    -0.0,
                    0.0
                ],
                [
                    -0.45399048924446106,
                    0.0,
                    0.8910065293312073,
                    0.8910065293312073
                ],
                [
                    0.0,
                    0.0,
                    0.0,
                    1.0
                ]
            ],
            "fl_x": 443.4049987792969,
            "fl_y": 443.4049987792969,
            "cx": 256.0,
            "cy": 256.0,
            "w": 512.0,
            "h": 512.0,
            "mask_path": "masks/frame_0033.png",
            "depth_file_path": "depths/frame_0033.npy"
        },
        {
            "file_path": "images/frame_0034.png",
            "transform_matrix": [
                [
                    0.9238795638084412,
                    0.0,
                    0.3826834559440613,
                    0.3826834261417389
                ],
                [
                    -0.0,
                    1.0,
                    -0.0,
                    0.0
                ],
                [
                    -0.3826834559440613,
                    0.0,
                    0.9238795638084412,
                    0.9238795042037964
                ],
                [
                    0.0,
                    0.0,
                    0.0,
                    1.0
                ]
            ],
            "fl_x": 443.4049987792969,
            "fl_y": 443.4049987792969,
            "cx": 256.0,
            "cy": 256.0,
            "w": 512.0,
            "h": 512.0,
            "mask_path": "masks/frame_0034.png",
            "depth_file_path": "depths/frame_0034.npy"
        },
        {
            "file_path": "images/frame_0035.png",
            "transform_matrix": [
                [
                    0.9510565400123596,
                    0.0,
                    0.30901700258255005,
                    0.30901697278022766
                ],
                [
                    -0.0,
                    1.0,
                    -0.0,
                    0.0
                ],
                [
                    -0.30901700258255005,
                    0.0,
                    0.9510565400123596,
                    0.9510564804077148
                ],
                [
                    0.0,
                    0.0,
                    0.0,
                    1.0
                ]
            ],
            "fl_x": 443.4049987792969,
            "fl_y": 443.4049987792969,
            "cx": 256.0,
            "cy": 256.0,
            "w": 512.0,
            "h": 512.0,
            "mask_path": "masks/frame_0035.png",
            "depth_file_path": "depths/frame_0035.npy"
        },
        {
            "file_path": "images/frame_0036.png",
            "transform_matrix": [
                [
                    0.972369909286499,
                    0.0,
                    0.23344536125659943,
                    0.23344536125659943
                ],
                [
                    -0.0,
                    1.0,
                    -0.0,
                    0.0
                ],
                [
                    -0.23344536125659943,
                    0.0,
                    0.972369909286499,
                    0.972369909286499
                ],
                [
                    0.0,
                    0.0,
                    0.0,
                    1.0
                ]
            ],
            "fl_x": 443.4049987792969,
            "fl_y": 443.4049987792969,
            "cx": 256.0,
            "cy": 256.0,
            "w": 512.0,
            "h": 512.0,
            "mask_path": "masks/frame_0036.png",
            "depth_file_path": "depths/frame_0036.npy"
        },
        {
            "file_path": "images/frame_0037.png",
            "transform_matrix": [
                [
                    0.9876883625984192,
                    0.0,
                    0.15643446147441864,
                    0.15643446147441864
                ],
                [
                    -0.0,
                    1.0,
                    -0.0,
                    0.0
                ],
                [
                    -0.15643446147441864,
                    0.0,
                    0.9876883625984192,
                    0.9876883625984192
                ],
                [
                    0.0,
                    0.0,
