{
    "frames": [
        {
            "file_path": "images/ref_frame_0000.png",
            "transform_matrix": [
                [
                    -1.0,
                    0.0,
                    -0.0,
                    0.0
                ],
                [
                    -0.0,
                    1.0,
                    -0.0,
                    0.0
                ],
                [
                    -0.0,
                    0.0,
                    -1.0,
                    -1.0
                ],
                [
                    0.0,
                    0.0,
                    0.0,
                    1.0
                ]
            ],
            "fl_x": 443.4049987792969,
            "fl_y": 443.4049987792969,
            "cx": 256.0,
            "cy": 256.0,
            "w": 512.0,
            "h": 512.0,
            "mask_path": "masks/ref_frame_0000.png",
            "depth_file_path": "depths/ref_frame_0000.npy"
        },
        {
            "file_path": "images/frame_0000.png",
            "transform_matrix": [
                [
                    -0.9659258723258972,
                    0.0,
                    0.258819043636322,
                    0.25881901383399963
                ],
                [
                    0.0,
                    1.0,
                    -0.0,
                    0.0
                ],
                [
                    -0.2588190734386444,
                    0.0,
                    -0.9659258127212524,
                    -0.9659257531166077
                ],
                [
                    0.0,
                    0.0,
                    0.0,
                    1.0
                ]
            ],
            "fl_x": 443.4049987792969,
            "fl_y": 443.4049987792969,
            "cx": 256.0,
            "cy": 256.0,
            "w": 512.0,
            "h": 512.0,
            "mask_path": "masks/frame_0000.png",
            "depth_file_path": "depths/frame_0000.npy"
        },
        {
            "file_path": "images/frame_0001.png",
            "transform_matrix": [
                [
                    -0.8660253882408142,
                    0.0,
                    0.5,
                    0.5
                ],
                [
                    0.0,
                    1.0,
                    -0.0,
                    0.0
                ],
                [
                    -0.5,
                    0.0,
                    -0.8660253882408142,
                    -0.866025447845459
                ],
                [
                    0.0,
                    0.0,
                    0.0,
                    1.0
                ]
            ],
            "fl_x": 443.4049987792969,
            "fl_y": 443.4049987792969,
            "cx": 256.0,
            "cy": 256.0,
            "w": 512.0,
            "h": 512.0,
            "mask_path": "masks/frame_0001.png",
            "depth_file_path": "depths/frame_0001.npy"
        },
        {
            "file_path": "images/frame_0002.png",
            "transform_matrix": [
                [
                    -0.7071068286895752,
                    0.0,
                    0.7071068286895752,
                    0.7071067094802856
                ],
                [
                    0.0,
                    1.0,
                    -0.0,
                    0.0
                ],
                [
                    -0.7071068286895752,
                    0.0,
                    -0.7071068286895752,
                    -0.7071067094802856
                ],
                [
                    0.0,
                    0.0,
                    0.0,
                    1.0
                ]
            ],
            "fl_x": 443.4049987792969,
            "fl_y": 443.4049987792969,
            "cx": 256.0,
            "cy": 256.0,
            "w": 512.0,
            "h": 512.0,
            "mask_path": "masks/frame_0002.png",
            "depth_file_path": "depths/frame_0002.npy"
        },
        {
            "file_path": "images/frame_0003.png",
            "transform_matrix": [
                [
                    -0.5,
                    0.0,
                    0.8660253882408142,
                    0.8660253882408142
                ],
                [
                    0.0,
                    1.0,
                    -0.0,
                    0.0
                ],
                [
                    -0.8660253882408142,
                    0.0,
                    -0.5,
                    -0.5
                ],
                [
                    0.0,
                    0.0,
                    0.0,
                    1.0
                ]
            ],
            "fl_x": 443.4049987792969,
            "fl_y": 443.4049987792969,
            "cx": 256.0,
            "cy": 256.0,
            "w": 512.0,
            "h": 512.0,
            "mask_path": "masks/frame_0003.png",
            "depth_file_path": "depths/frame_0003.npy"
        },
        {
            "file_path": "images/frame_0004.png",
            "transform_matrix": [
                [
                    -0.2588190734386444,
                    0.0,
                    0.9659258723258972,
                    0.9659258127212524
                ],
                [
                    0.0,
                    1.0,
                    -0.0,
                    0.0
                ],
                [
                    -0.9659258723258972,
                    0.0,
                    -0.2588190734386444,
                    -0.25881901383399963
                ],
                [
                    0.0,
                    0.0,
                    0.0,
                    1.0
                ]
            ],
            "fl_x": 443.4049987792969,
            "fl_y": 443.4049987792969,
            "cx": 256.0,
            "cy": 256.0,
            "w": 512.0,
            "h": 512.0,
            "mask_path": "masks/frame_0004.png",
            "depth_file_path": "depths/frame_0004.npy"
        },
        {
            "file_path": "images/frame_0005.png",
            "transform_matrix": [
                [
                    -6.123234262925839e-17,
                    0.0,
                    1.0,
                    1.0
                ],
                [
                    0.0,
                    1.0,
                    -0.0,
                    0.0
                ],
                [
                    -1.0,
                    0.0,
                    -6.123234262925839e-17,
                    -6.123234262925839e-17
                ],
                [
                    0.0,
                    0.0,
                    0.0,
                    1.0
                ]
            ],
            "fl_x": 443.4049987792969,
            "fl_y": 443.4049987792969,
            "cx": 256.0,
            "cy": 256.0,
            "w": 512.0,
            "h": 512.0,
            "mask_path": "masks/frame_0005.png",
            "depth_file_path": "depths/frame_0005.npy"
        },
        {
            "file_path": "images/frame_0006.png",
            "transform_matrix": [
                [
                    0.2588190734386444,
                    0.0,
                    0.9659258723258972,
                    0.9659258127212524
                ],
                [
                    -0.0,
                    1.0,
                    -0.0,
                    0.0
                ],
                [
                    -0.9659258723258972,
                    0.0,
                    0.2588190734386444,
                    0.25881901383399963
                ],
                [
                    0.0,
                    0.0,
                    0.0,
                    1.0
                ]
            ],
            "fl_x": 443.4049987792969,
            "fl_y": 443.4049987792969,
            "cx": 256.0,
            "cy": 256.0,
            "w": 512.0,
            "h": 512.0,
            "mask_path": "masks/frame_0006.png",
            "depth_file_path": "depths/frame_0006.npy"
        },
        {
            "file_path": "images/frame_0007.png",
            "transform_matrix": [
                [
                    0.5,
                    0.0,
                    0.8660253882408142,
                    0.8660253882408142
                ],
                [
                    -0.0,
                    1.0,
                    -0.0,
                    0.0
                ],
                [
                    -0.8660253882408142,
                    0.0,
                    0.5,
                    0.5
                ],
                [
                    0.0,
                    0.0,
                    0.0,
                    1.0
                ]
            ],
            "fl_x": 443.4049987792969,
            "fl_y": 443.4049987792969,
            "cx": 256.0,
            "cy": 256.0,
            "w": 512.0,
            "h": 512.0,
            "mask_path": "masks/frame_0007.png",
            "depth_file_path": "depths/frame_0007.npy"
        },
        {
            "file_path": "images/frame_0008.png",
            "transform_matrix": [
                [
                    0.7071068286895752,
                    0.0,
                    0.7071068286895752,
                    0.7071067094802856
                ],
                [
                    -0.0,
                    1.0,
                    -0.0,
                    0.0
                ],
                [
                    -0.7071068286895752,
                    0.0,
                    0.7071068286895752,
                    0.7071067094802856
                ],
                [
                    0.0,
                    0.0,
                    0.0,
                    1.0
                ]
            ],
            "fl_x": 443.4049987792969,
            "fl_y": 443.4049987792969,
            "cx": 256.0,
            "cy": 256.0,
            "w": 512.0,
            "h": 512.0,
            "mask_path": "masks/frame_0008.png",
            "depth_file_path": "depths/frame_0008.npy"
        },
        {
            "file_path": "images/frame_0009.png",
            "transform_matrix": [
                [
                    0.8660253882408142,
                    0.0,
                    0.5,
                    0.5
                ],
                [
                    -0.0,
                    1.0,
                    -0.0,
                    0.0
                ],
                [
                    -0.5,
                    0.0,
                    0.8660253882408142,
                    0.866025447845459
                ],
                [
                    0.0,
                    0.0,
                    0.0,
                    1.0
                ]
            ],
            "fl_x": 443.4049987792969,
            "fl_y": 443.4049987792969,
            "cx": 256.0,
            "cy": 256.0,
            "w": 512.0,
            "h": 512.0,
            "mask_path": "masks/frame_0009.png",
            "depth_file_path": "depths/frame_0009.npy"
        },
        {
            "file_path": "images/frame_0010.png",
            "transform_matrix": [
                [
                    0.9659258723258972,
                    0.0,
                    0.258819043636322,
                    0.25881901383399963
                ],
                [
                    -0.0,
                    1.0,
                    -0.0,
                    0.0
                ],
                [
                    -0.2588190734386444,
                    0.0,
                    0.9659258127212524,
                    0.9659257531166077
                ],
                [
                    0.0,
                    0.0,
                    0.0,
                    1.0
                ]
            ],
            "fl_x": 443.4049987792969,
            "fl_y": 443.4049987792969,
            "cx": 256.0,
            "cy": 256.0,
            "w": 512.0,
            "h": 512.0,
            "mask_path": "masks/frame_0010.png",
            "depth_file_path": "depths/frame_0010.npy"
        },
        {
            "file_path": "images/frame_0011.png",
            "transform_matrix": [
                [
                    1.0,
                    0.0,
                    1.2246468525851679e-16,
                    1.2246468525851679e-16
                ],
                [
                    -0.0,
                    1.0,
                    -0.0,
                    0.0
                ],
                [
                    -1.2246468525851679e-16,
                    0.0,
                    1.0,
                    1.0
                ],
                [
                    0.0,
                    0.0,
                    0.0,
                    1.0
                ]
            ],
            "fl_x": 443.4049987792969,
            "fl_y": 443.4049987792969,
            "cx": 256.0,
            "cy": 256.0,
            "w": 512.0,
            "h": 512.0,
            "mask_path": "masks/frame_0011.png",
            "depth_file_path": "depths/frame_0011.npy"
        },
        {
            "file_path": "images/frame_0012.png",
            "transform_matrix": [
                [
                    0.9659258723258972,
                    0.0,
                    -0.258819043636322,
                    -0.25881901383399963
                ],
                [
                    -0.0,
                    1.0,
                    -0.0,
                    0.0
                ],
                [
                    0.2588190734386444,
                    0.0,
                    0.9659258127212524,
                    0.9659257531166077
                ],
                [
                    0.0,
                    0.0,
                    0.0,
                    1.0
                ]
            ],
            "fl_x": 443.4049987792969,
            "fl_y": 443.4049987792969,
            "cx": 256.0,
            "cy": 256.0,
            "w": 512.0,
            "h": 512.0,
            "mask_path": "masks/frame_0012.png",
            "depth_file_path": "depths/frame_0012.npy"
        },
        {
            "file_path": "images/frame_0013.png",
            "transform_matrix": [
                [
                    0.8660253882408142,
                    0.0,
                    -0.5,
                    -0.5
                ],
                [
                    -0.0,
                    1.0,
                    -0.0,
                    0.0
                ],
                [
                    0.5,
                    0.0,
                    0.8660253882408142,
                    0.866025447845459
                ],
                [
                    0.0,
                    0.0,
                    0.0,
                    1.0
                ]
            ],
            "fl_x": 443.4049987792969,
            "fl_y": 443.4049987792969,
            "cx": 256.0,
            "cy": 256.0,
            "w": 512.0,
            "h": 512.0,
            "mask_path": "masks/frame_0013.png",
            "depth_file_path": "depths/frame_0013.npy"
        },
        {
            "file_path": "images/frame_0014.png",
            "transform_matrix": [
                [
                    0.7071068286895752,
                    0.0,
                    -0.7071068286895752,
                    -0.7071067094802856
                ],
                [
                    -0.0,
                    1.0,
                    -0.0,
                    0.0
                ],
                [
                    0.7071068286895752,
                    0.0,
                    0.7071068286895752,
                    0.7071067094802856
                ],
                [
                    0.0,
                    0.0,
                    0.0,
                    1.0
                ]
            ],
            "fl_x": 443.4049987792969,
            "fl_y": 443.4049987792969,
            "cx": 256.0,
            "cy": 256.0,
            "w": 512.0,
            "h": 512.0,
            "mask_path": "masks/frame_0014.png",
            "depth_file_path": "depths/frame_0014.npy"
        },
        {
            "file_path": "images/frame_0015.png",
            "transform_matrix": [
                [
                    0.5,
                    0.0,
                    -0.8660253882408142,
                    -0.8660253882408142
                ],
                [
                    -0.0,
                    1.0,
                    -0.0,
                    0.0
                ],
                [
                    0.8660253882408142,
                    0.0,
                    0.5,
                    0.5
                ],
                [
                    0.0,
                    0.0,
                    0.0,
                    1.0
                ]
            ],
            "fl_x": 443.4049987792969,
            "fl_y": 443.4049987792969,
            "cx": 256.0,
            "cy": 256.0,
            "w": 512.0,
            "h": 512.0,
            "mask_path": "masks/frame_0015.png",
            "depth_file_path": "depths/frame_0015.npy"
        },
        {
            "file_path": "images/frame_0016.png",
            "transform_matrix": [
                [
                    0.2588190734386444,
                    0.0,
                    -0.9659258723258972,
                    -0.9659258127212524
                ],
                [
                    -0.0,
                    1.0,
                    -0.0,
                    0.0
                ],
                [
                    0.9659258723258972,
                    0.0,
                    0.2588190734386444,
                    0.25881901383399963
                ],
                [
                    0.0,
                    0.0,
                    0.0,
                    1.0
                ]
            ],
            "fl_x": 443.4049987792969,
            "fl_y": 443.4049987792969,
            "cx": 256.0,
            "cy": 256.0,
            "w": 512.0,
            "h": 512.0,
            "mask_path": "masks/frame_0016.png",
            "depth_file_path": "depths/frame_0016.npy"
        },
        {
            "file_path": "images/frame_0017.png",
            "transform_matrix": [
                [
                    1.8369701465288538e-16,
                    0.0,
                    -1.0,
                    -1.0
                ],
                [
                    -0.0,
                    1.0,
                    -0.0,
                    0.0
                ],
                [
                    1.0,
                    0.0,
                    1.8369701465288538e-16,
                    1.8369701465288538e-16
                ],
                [
                    0.0,
                    0.0,
                    0.0,
                    1.0
                ]
            ],
            "fl_x": 443.4049987792969,
            "fl_y": 443.4049987792969,
            "cx": 256.0,
            "cy": 256.0,
            "w": 512.0,
            "h": 512.0,
            "mask_path": "masks/frame_0017.png",
            "depth_file_path": "depths/frame_0017.npy"
        },
        {
            "file_path": "images/frame_0018.png",
            "transform_matrix": [
                [
                    -0.2588190734386444,
                    -0.0,
                    -0.9659258723258972,
                    -0.9659258127212524
                ],
                [
                    -0.0,
                    1.0,
                    -0.0,
                    0.0
                ],
                [
                    0.9659258723258972,
                    0.0,
                    -0.2588190734386444,
                    -0.25881901383399963
                ],
                [
                    0.0,
                    0.0,
                    0.0,
                    1.0
                ]
            ],
            "fl_x": 443.4049987792969,
            "fl_y": 443.4049987792969,
            "cx": 256.0,
            "cy": 256.0,
            "w": 512.0,
            "h": 512.0,
            "mask_path": "masks/frame_0018.png",
            "depth_file_path": "depths/frame_0018.npy"
        },
        {
            "file_path": "images/frame_0019.png",
            "transform_matrix": [
                [
                    -0.5,
                    -0.0,
                    -0.8660253882408142,
                    -0.8660253882408142
                ],
                [
                    -0.0,
                    1.0,
                    -0.0,
                    0.0
                ],
                [
                    0.8660253882408142,
                    0.0,
                    -0.5,
                    -0.5
                ],
                [
                    0.0,
                    0.0,
                    0.0,
                    1.0
                ]
            ],
            "fl_x": 443.4049987792969,
            "fl_y": 443.4049987792969,
            "cx": 256.0,
            "cy": 256.0,
            "w": 512.0,
            "h": 512.0,
            "mask_path": "masks/frame_0019.png",
            "depth_file_path": "depths/frame_0019.npy"
        },
        {
            "file_path": "images/frame_0020.png",
            "transform_matrix": [
                [
                    -0.7071068286895752,
                    -0.0,
                    -0.7071068286895752,
                    -0.7071067094802856
                ],
                [
                    -0.0,
                    1.0,
                    -0.0,
                    0.0
                ],
                [
                    0.7071068286895752,
                    0.0,
                    -0.7071068286895752,
                    -0.7071067094802856
                ],
                [
                    0.0,
                    0.0,
                    0.0,
                    1.0
                ]
            ],
            "fl_x": 443.4049987792969,
            "fl_y": 443.4049987792969,
            "cx": 256.0,
            "cy": 256.0,
            "w": 512.0,
            "h": 512.0,
            "mask_path": "masks/frame_0020.png",
            "depth_file_path": "depths/frame_0020.npy"
        },
        {
            "file_path": "images/frame_0021.png",
            "transform_matrix": [
                [
                    -0.8660253882408142,
                    -0.0,
                    -0.5,
                    -0.5
                ],
                [
                    -0.0,
                    1.0,
                    -0.0,
                    0.0
                ],
                [
                    0.5,
                    0.0,
                    -0.8660253882408142,
                    -0.866025447845459
                ],
                [
                    0.0,
                    0.0,
                    0.0,
                    1.0
                ]
            ],
            "fl_x": 443.4049987792969,
            "fl_y": 443.4049987792969,
            "cx": 256.0,
            "cy": 256.0,
            "w": 512.0,
            "h": 512.0,
            "mask_path": "masks/frame_0021.png",
            "depth_file_path": "depths/frame_0021.npy"
        },
        {
            "file_path": "images/frame_0022.png",
            "transform_matrix": [
                [
                    -0.9659258723258972,
                    -0.0,
                    -0.258819043636322,
                    -0.25881901383399963
                ],
                [
                    -0.0,
                    1.0,
                    -0.0,
                    0.0
                ],
                [
                    0.2588190734386444,
                    0.0,
                    -0.9659258127212524,
                    -0.9659257531166077
                ],
                [
                    0.0,
                    0.0,
                    0.0,
                    1.0
                ]
            ],
            "fl_x": 443.4049987792969,
            "fl_y": 443.4049987792969,
            "cx": 256.0,
            "cy": 256.0,
            "w": 512.0,
            "h": 512.0,
            "mask_path": "masks/frame_0022.png",
            "depth_file_path": "depths/frame_0022.npy"
        }
    ],
    "ply_file_path": "ref_pred_pointcloud.ply"
}