{
    "frames": [
        {
            "file_path": "images/ref_frame_0000.png",
            "transform_matrix": [
                [
                    -1.0,
                    0.0,
                    -0.0,
                    0.0
                ],
                [
                    -0.0,
                    1.0,
                    -0.0,
                    0.0
                ],
                [
                    -0.0,
                    0.0,
                    -1.0,
                    -1.0
                ],
                [
                    0.0,
                    0.0,
                    0.0,
                    1.0
                ]
            ],
            "fl_x": 305.08892822265625,
            "fl_y": 305.08892822265625,
            "cx": 256.0,
            "cy": 256.0,
            "w": 512.0,
            "h": 512.0,
            "mask_path": "masks/ref_frame_0000.png",
            "depth_file_path": "depths/ref_frame_0000.npy"
        },
        {
            "file_path": "images/frame_0000.png",
            "transform_matrix": [
                [
                    -0.9986295700073242,
                    0.0,
                    0.0523359589278698,
                    0.0523359589278698
                ],
                [
                    0.0,
                    1.0,
                    -0.0,
                    0.0
                ],
                [
                    -0.0523359589278698,
                    0.0,
                    -0.9986295700073242,
                    -0.9986295700073242
                ],
                [
                    0.0,
                    0.0,
                    0.0,
                    1.0
                ]
            ],
            "fl_x": 305.08892822265625,
            "fl_y": 305.08892822265625,
            "cx": 256.0,
            "cy": 256.0,
            "w": 512.0,
            "h": 512.0,
            "mask_path": "masks/frame_0000.png",
            "depth_file_path": "depths/frame_0000.npy"
        },
        {
            "file_path": "images/frame_0001.png",
            "transform_matrix": [
                [
                    -0.9945219159126282,
                    0.0,
                    0.10452846437692642,
                    0.10452846437692642
                ],
                [
                    0.0,
                    1.0,
                    -0.0,
                    0.0
                ],
                [
                    -0.10452846437692642,
                    0.0,
                    -0.9945219159126282,
                    -0.9945218563079834
                ],
                [
                    0.0,
                    0.0,
                    0.0,
                    1.0
                ]
            ],
            "fl_x": 305.08892822265625,
            "fl_y": 305.08892822265625,
            "cx": 256.0,
            "cy": 256.0,
            "w": 512.0,
            "h": 512.0,
            "mask_path": "masks/frame_0001.png",
            "depth_file_path": "depths/frame_0001.npy"
        },
        {
            "file_path": "images/frame_0002.png",
            "transform_matrix": [
                [
                    -0.9876883625984192,
                    0.0,
                    0.15643446147441864,
                    0.15643446147441864
                ],
                [
                    0.0,
                    1.0,
                    -0.0,
                    0.0
                ],
                [
                    -0.15643446147441864,
                    0.0,
                    -0.9876883625984192,
                    -0.9876883625984192
                ],
                [
                    0.0,
                    0.0,
                    0.0,
                    1.0
                ]
            ],
            "fl_x": 305.08892822265625,
            "fl_y": 305.08892822265625,
            "cx": 256.0,
            "cy": 256.0,
            "w": 512.0,
            "h": 512.0,
            "mask_path": "masks/frame_0002.png",
            "depth_file_path": "depths/frame_0002.npy"
        },
        {
            "file_path": "images/frame_0003.png",
            "transform_matrix": [
                [
                    -0.9781476259231567,
                    0.0,
                    0.2079116851091385,
                    0.2079116851091385
                ],
                [
                    0.0,
                    1.0,
                    -0.0,
                    0.0
                ],
                [
                    -0.2079116851091385,
                    0.0,
                    -0.9781476259231567,
                    -0.9781476855278015
                ],
                [
                    0.0,
                    0.0,
                    0.0,
                    1.0
                ]
            ],
            "fl_x": 305.08892822265625,
            "fl_y": 305.08892822265625,
            "cx": 256.0,
            "cy": 256.0,
            "w": 512.0,
            "h": 512.0,
            "mask_path": "masks/frame_0003.png",
            "depth_file_path": "depths/frame_0003.npy"
        },
        {
            "file_path": "images/frame_0004.png",
            "transform_matrix": [
                [
                    -0.9659258723258972,
                    0.0,
                    0.258819043636322,
                    0.25881901383399963
                ],
                [
                    0.0,
                    1.0,
                    -0.0,
                    0.0
                ],
                [
                    -0.2588190734386444,
                    0.0,
                    -0.9659258127212524,
                    -0.9659257531166077
                ],
                [
                    0.0,
                    0.0,
                    0.0,
                    1.0
                ]
            ],
            "fl_x": 305.08892822265625,
            "fl_y": 305.08892822265625,
            "cx": 256.0,
            "cy": 256.0,
            "w": 512.0,
            "h": 512.0,
            "mask_path": "masks/frame_0004.png",
            "depth_file_path": "depths/frame_0004.npy"
        },
        {
            "file_path": "images/frame_0005.png",
            "transform_matrix": [
                [
                    -0.9510565400123596,
                    0.0,
                    0.30901700258255005,
                    0.30901697278022766
                ],
                [
                    0.0,
                    1.0,
                    -0.0,
                    0.0
                ],
                [
                    -0.30901700258255005,
                    0.0,
                    -0.9510565400123596,
                    -0.9510564804077148
                ],
                [
                    0.0,
                    0.0,
                    0.0,
                    1.0
                ]
            ],
            "fl_x": 305.08892822265625,
            "fl_y": 305.08892822265625,
            "cx": 256.0,
            "cy": 256.0,
            "w": 512.0,
            "h": 512.0,
            "mask_path": "masks/frame_0005.png",
            "depth_file_path": "depths/frame_0005.npy"
        },
        {
            "file_path": "images/frame_0006.png",
            "transform_matrix": [
                [
                    -0.9335804581642151,
                    0.0,
                    0.3583679795265198,
                    0.3583679497241974
                ],
                [
                    0.0,
                    1.0,
                    -0.0,
                    0.0
                ],
                [
                    -0.3583679795265198,
                    0.0,
                    -0.9335804581642151,
                    -0.9335803985595703
                ],
                [
                    0.0,
                    0.0,
                    0.0,
                    1.0
                ]
            ],
            "fl_x": 305.08892822265625,
            "fl_y": 305.08892822265625,
            "cx": 256.0,
            "cy": 256.0,
            "w": 512.0,
            "h": 512.0,
            "mask_path": "masks/frame_0006.png",
            "depth_file_path": "depths/frame_0006.npy"
        },
        {
            "file_path": "images/frame_0007.png",
            "transform_matrix": [
                [
                    -0.9135454893112183,
                    0.0,
                    0.40673667192459106,
                    0.4067366421222687
                ],
                [
                    0.0,
                    1.0,
                    -0.0,
                    0.0
                ],
                [
                    -0.40673667192459106,
                    0.0,
                    -0.9135454893112183,
                    -0.9135454297065735
                ],
                [
                    0.0,
                    0.0,
                    0.0,
                    1.0
                ]
            ],
            "fl_x": 305.08892822265625,
            "fl_y": 305.08892822265625,
            "cx": 256.0,
            "cy": 256.0,
            "w": 512.0,
            "h": 512.0,
            "mask_path": "masks/frame_0007.png",
            "depth_file_path": "depths/frame_0007.npy"
        },
        {
            "file_path": "images/frame_0008.png",
            "transform_matrix": [
                [
                    -0.8910065293312073,
                    0.0,
                    0.45399048924446106,
                    0.45399045944213867
                ],
                [
                    0.0,
                    1.0,
                    -0.0,
                    0.0
                ],
                [
                    -0.45399048924446106,
                    0.0,
                    -0.8910065293312073,
                    -0.8910065293312073
                ],
                [
                    0.0,
                    0.0,
                    0.0,
                    1.0
                ]
            ],
            "fl_x": 305.08892822265625,
            "fl_y": 305.08892822265625,
            "cx": 256.0,
            "cy": 256.0,
            "w": 512.0,
            "h": 512.0,
            "mask_path": "masks/frame_0008.png",
            "depth_file_path": "depths/frame_0008.npy"
        },
        {
            "file_path": "images/frame_0009.png",
            "transform_matrix": [
                [
                    -0.8660253882408142,
                    0.0,
                    0.5,
                    0.5
                ],
                [
                    0.0,
                    1.0,
                    -0.0,
                    0.0
                ],
                [
                    -0.5,
                    0.0,
                    -0.8660253882408142,
                    -0.866025447845459
                ],
                [
                    0.0,
                    0.0,
                    0.0,
                    1.0
                ]
            ],
            "fl_x": 305.08892822265625,
            "fl_y": 305.08892822265625,
            "cx": 256.0,
            "cy": 256.0,
            "w": 512.0,
            "h": 512.0,
            "mask_path": "masks/frame_0009.png",
            "depth_file_path": "depths/frame_0009.npy"
        },
        {
            "file_path": "images/frame_0010.png",
            "transform_matrix": [
                [
                    -0.838670551776886,
                    0.0,
                    0.5446390509605408,
                    0.5446390509605408
                ],
                [
                    0.0,
                    1.0,
                    -0.0,
                    0.0
                ],
                [
                    -0.5446390509605408,
                    0.0,
                    -0.838670551776886,
                    -0.8386706113815308
                ],
                [
                    0.0,
                    0.0,
                    0.0,
                    1.0
                ]
            ],
            "fl_x": 305.08892822265625,
            "fl_y": 305.08892822265625,
            "cx": 256.0,
            "cy": 256.0,
            "w": 512.0,
            "h": 512.0,
            "mask_path": "masks/frame_0010.png",
            "depth_file_path": "depths/frame_0010.npy"
        },
        {
            "file_path": "images/frame_0011.png",
            "transform_matrix": [
                [
                    -0.80901700258255,
                    0.0,
                    0.5877852439880371,
                    0.5877852439880371
                ],
                [
                    0.0,
                    1.0,
                    -0.0,
                    0.0
                ],
                [
                    -0.5877852439880371,
                    0.0,
                    -0.80901700258255,
                    -0.80901700258255
                ],
                [
                    0.0,
                    0.0,
                    0.0,
                    1.0
                ]
            ],
            "fl_x": 305.08892822265625,
            "fl_y": 305.08892822265625,
            "cx": 256.0,
            "cy": 256.0,
            "w": 512.0,
            "h": 512.0,
            "mask_path": "masks/frame_0011.png",
            "depth_file_path": "depths/frame_0011.npy"
        },
        {
            "file_path": "images/frame_0012.png",
            "transform_matrix": [
                [
                    -0.7771459817886353,
                    0.0,
                    0.6293203830718994,
                    0.6293203234672546
                ],
                [
                    0.0,
                    1.0,
                    -0.0,
                    0.0
                ],
                [
                    -0.6293203830718994,
                    0.0,
                    -0.7771459817886353,
                    -0.7771459221839905
                ],
                [
                    0.0,
                    0.0,
                    0.0,
                    1.0
                ]
            ],
            "fl_x": 305.08892822265625,
            "fl_y": 305.08892822265625,
            "cx": 256.0,
            "cy": 256.0,
            "w": 512.0,
            "h": 512.0,
            "mask_path": "masks/frame_0012.png",
            "depth_file_path": "depths/frame_0012.npy"
        },
        {
            "file_path": "images/frame_0013.png",
            "transform_matrix": [
                [
                    -0.7431448101997375,
                    0.0,
                    0.6691306233406067,
                    0.6691306233406067
                ],
                [
                    0.0,
                    1.0,
                    -0.0,
                    0.0
                ],
                [
                    -0.6691306233406067,
                    0.0,
                    -0.7431448101997375,
                    -0.7431448101997375
                ],
                [
                    0.0,
                    0.0,
                    0.0,
                    1.0
                ]
            ],
            "fl_x": 305.08892822265625,
            "fl_y": 305.08892822265625,
            "cx": 256.0,
            "cy": 256.0,
            "w": 512.0,
            "h": 512.0,
            "mask_path": "masks/frame_0013.png",
            "depth_file_path": "depths/frame_0013.npy"
        },
        {
            "file_path": "images/frame_0014.png",
            "transform_matrix": [
                [
                    -0.7071068286895752,
                    0.0,
                    0.7071068286895752,
                    0.7071067094802856
                ],
                [
                    0.0,
                    1.0,
                    -0.0,
                    0.0
                ],
                [
                    -0.7071068286895752,
                    0.0,
                    -0.7071068286895752,
                    -0.7071067094802856
                ],
                [
                    0.0,
                    0.0,
                    0.0,
                    1.0
                ]
            ],
            "fl_x": 305.08892822265625,
            "fl_y": 305.08892822265625,
            "cx": 256.0,
            "cy": 256.0,
            "w": 512.0,
            "h": 512.0,
            "mask_path": "masks/frame_0014.png",
            "depth_file_path": "depths/frame_0014.npy"
        },
        {
            "file_path": "images/frame_0015.png",
            "transform_matrix": [
                [
                    -0.6691306233406067,
                    0.0,
                    0.7431448101997375,
                    0.7431448101997375
                ],
                [
                    0.0,
                    1.0,
                    -0.0,
                    0.0
                ],
                [
                    -0.7431448101997375,
                    0.0,
                    -0.6691306233406067,
                    -0.6691306233406067
                ],
                [
                    0.0,
                    0.0,
                    0.0,
                    1.0
                ]
            ],
            "fl_x": 305.08892822265625,
            "fl_y": 305.08892822265625,
            "cx": 256.0,
            "cy": 256.0,
            "w": 512.0,
            "h": 512.0,
            "mask_path": "masks/frame_0015.png",
            "depth_file_path": "depths/frame_0015.npy"
        },
        {
            "file_path": "images/frame_0016.png",
            "transform_matrix": [
                [
                    -0.6293203830718994,
                    0.0,
                    0.7771459817886353,
                    0.7771459817886353
                ],
                [
                    0.0,
                    1.0,
                    -0.0,
                    0.0
                ],
                [
                    -0.7771459817886353,
                    0.0,
                    -0.6293203830718994,
                    -0.6293203234672546
                ],
                [
                    0.0,
                    0.0,
                    0.0,
                    1.0
                ]
            ],
            "fl_x": 305.08892822265625,
            "fl_y": 305.08892822265625,
            "cx": 256.0,
            "cy": 256.0,
            "w": 512.0,
            "h": 512.0,
            "mask_path": "masks/frame_0016.png",
            "depth_file_path": "depths/frame_0016.npy"
        },
        {
            "file_path": "images/frame_0017.png",
            "transform_matrix": [
                [
                    -0.5877852439880371,
                    0.0,
                    0.80901700258255,
                    0.80901700258255
                ],
                [
                    0.0,
                    1.0,
                    -0.0,
                    0.0
                ],
                [
                    -0.80901700258255,
                    0.0,
                    -0.5877852439880371,
                    -0.5877852439880371
                ],
                [
                    0.0,
                    0.0,
                    0.0,
                    1.0
                ]
            ],
            "fl_x": 305.08892822265625,
            "fl_y": 305.08892822265625,
            "cx": 256.0,
            "cy": 256.0,
            "w": 512.0,
            "h": 512.0,
            "mask_path": "masks/frame_0017.png",
            "depth_file_path": "depths/frame_0017.npy"
        },
        {
            "file_path": "images/frame_0018.png",
            "transform_matrix": [
                [
                    -0.5446390509605408,
                    0.0,
                    0.838670551776886,
                    0.8386704921722412
                ],
                [
                    0.0,
                    1.0,
                    -0.0,
                    0.0
                ],
                [
                    -0.838670551776886,
                    0.0,
                    -0.5446390509605408,
                    -0.5446391105651855
                ],
                [
                    0.0,
                    0.0,
                    0.0,
                    1.0
                ]
            ],
            "fl_x": 305.08892822265625,
            "fl_y": 305.08892822265625,
            "cx": 256.0,
            "cy": 256.0,
            "w": 512.0,
            "h": 512.0,
            "mask_path": "masks/frame_0018.png",
            "depth_file_path": "depths/frame_0018.npy"
        },
        {
            "file_path": "images/frame_0019.png",
            "transform_matrix": [
                [
                    -0.5,
                    0.0,
                    0.8660253882408142,
                    0.8660253882408142
                ],
                [
                    0.0,
                    1.0,
                    -0.0,
                    0.0
                ],
                [
                    -0.8660253882408142,
                    0.0,
                    -0.5,
                    -0.5
                ],
                [
                    0.0,
                    0.0,
                    0.0,
                    1.0
                ]
            ],
            "fl_x": 305.08892822265625,
            "fl_y": 305.08892822265625,
            "cx": 256.0,
            "cy": 256.0,
            "w": 512.0,
            "h": 512.0,
            "mask_path": "masks/frame_0019.png",
            "depth_file_path": "depths/frame_0019.npy"
        },
        {
            "file_path": "images/frame_0020.png",
            "transform_matrix": [
                [
                    -0.45399048924446106,
                    0.0,
                    0.8910065293312073,
                    0.891006588935852
                ],
                [
                    0.0,
                    1.0,
                    -0.0,
                    0.0
                ],
                [
                    -0.8910065293312073,
                    0.0,
                    -0.45399048924446106,
                    -0.45399048924446106
                ],
                [
                    0.0,
                    0.0,
                    0.0,
                    1.0
                ]
            ],
            "fl_x": 305.08892822265625,
            "fl_y": 305.08892822265625,
            "cx": 256.0,
            "cy": 256.0,
            "w": 512.0,
            "h": 512.0,
            "mask_path": "masks/frame_0020.png",
            "depth_file_path": "depths/frame_0020.npy"
        },
        {
            "file_path": "images/frame_0021.png",
            "transform_matrix": [
                [
                    -0.40673667192459106,
                    0.0,
                    0.9135454297065735,
                    0.9135454893112183
                ],
                [
                    0.0,
                    1.0,
                    -0.0,
                    0.0
                ],
                [
                    -0.9135454893112183,
                    0.0,
                    -0.4067366421222687,
                    -0.40673667192459106
                ],
                [
                    0.0,
                    0.0,
                    0.0,
                    1.0
                ]
            ],
            "fl_x": 305.08892822265625,
            "fl_y": 305.08892822265625,
            "cx": 256.0,
            "cy": 256.0,
            "w": 512.0,
            "h": 512.0,
            "mask_path": "masks/frame_0021.png",
            "depth_file_path": "depths/frame_0021.npy"
        },
        {
            "file_path": "images/frame_0022.png",
            "transform_matrix": [
                [
                    -0.3583679795265198,
                    0.0,
                    0.9335804581642151,
                    0.9335803389549255
                ],
                [
                    0.0,
                    1.0,
                    -0.0,
                    0.0
                ],
                [
                    -0.9335804581642151,
                    0.0,
                    -0.3583679795265198,
                    -0.3583679497241974
                ],
                [
                    0.0,
                    0.0,
                    0.0,
                    1.0
                ]
            ],
            "fl_x": 305.08892822265625,
            "fl_y": 305.08892822265625,
            "cx": 256.0,
            "cy": 256.0,
            "w": 512.0,
            "h": 512.0,
            "mask_path": "masks/frame_0022.png",
            "depth_file_path": "depths/frame_0022.npy"
        },
        {
            "file_path": "images/frame_0023.png",
            "transform_matrix": [
                [
                    -0.30901700258255005,
                    0.0,
                    0.9510565400123596,
                    0.9510564804077148
                ],
                [
                    0.0,
                    1.0,
                    -0.0,
                    0.0
                ],
                [
                    -0.9510565400123596,
                    0.0,
                    -0.30901700258255005,
                    -0.30901697278022766
                ],
                [
                    0.0,
                    0.0,
                    0.0,
                    1.0
                ]
            ],
            "fl_x": 305.08892822265625,
            "fl_y": 305.08892822265625,
            "cx": 256.0,
            "cy": 256.0,
            "w": 512.0,
            "h": 512.0,
            "mask_path": "masks/frame_0023.png",
            "depth_file_path": "depths/frame_0023.npy"
        },
        {
            "file_path": "images/frame_0024.png",
            "transform_matrix": [
                [
                    -0.2588190734386444,
                    0.0,
                    0.9659258723258972,
                    0.9659258127212524
                ],
                [
                    0.0,
                    1.0,
                    -0.0,
                    0.0
                ],
                [
                    -0.9659258723258972,
                    0.0,
                    -0.2588190734386444,
                    -0.25881901383399963
                ],
                [
                    0.0,
                    0.0,
                    0.0,
                    1.0
                ]
            ],
            "fl_x": 305.08892822265625,
            "fl_y": 305.08892822265625,
            "cx": 256.0,
            "cy": 256.0,
            "w": 512.0,
            "h": 512.0,
            "mask_path": "masks/frame_0024.png",
            "depth_file_path": "depths/frame_0024.npy"
        },
        {
            "file_path": "images/frame_0025.png",
            "transform_matrix": [
                [
                    -0.2079116851091385,
                    0.0,
                    0.9781476259231567,
                    0.9781476855278015
                ],
                [
                    0.0,
                    1.0,
                    -0.0,
                    0.0
                ],
                [
                    -0.9781476259231567,
                    0.0,
                    -0.2079116851091385,
                    -0.20791170001029968
                ],
                [
                    0.0,
                    0.0,
                    0.0,
                    1.0
                ]
            ],
            "fl_x": 305.08892822265625,
            "fl_y": 305.08892822265625,
            "cx": 256.0,
            "cy": 256.0,
            "w": 512.0,
            "h": 512.0,
            "mask_path": "masks/frame_0025.png",
            "depth_file_path": "depths/frame_0025.npy"
        },
        {
            "file_path": "images/frame_0026.png",
            "transform_matrix": [
                [
                    -0.15643446147441864,
                    0.0,
                    0.9876883625984192,
                    0.9876883625984192
                ],
                [
                    0.0,
                    1.0,
                    -0.0,
                    0.0
                ],
                [
                    -0.9876883625984192,
                    0.0,
                    -0.15643446147441864,
                    -0.15643447637557983
                ],
                [
                    0.0,
                    0.0,
                    0.0,
                    1.0
                ]
            ],
            "fl_x": 305.08892822265625,
            "fl_y": 305.08892822265625,
            "cx": 256.0,
            "cy": 256.0,
            "w": 512.0,
            "h": 512.0,
            "mask_path": "masks/frame_0026.png",
            "depth_file_path": "depths/frame_0026.npy"
        },
        {
            "file_path": "images/frame_0027.png",
            "transform_matrix": [
                [
                    -0.10452846437692642,
                    0.0,
                    0.9945219159126282,
                    0.9945219159126282
                ],
                [
                    0.0,
                    1.0,
                    -0.0,
                    0.0
                ],
                [
                    -0.9945219159126282,
                    0.0,
                    -0.10452846437692642,
                    -0.10452846437692642
                ],
                [
                    0.0,
                    0.0,
                    0.0,
                    1.0
                ]
            ],
            "fl_x": 305.08892822265625,
            "fl_y": 305.08892822265625,
            "cx": 256.0,
            "cy": 256.0,
            "w": 512.0,
            "h": 512.0,
            "mask_path": "masks/frame_0027.png",
            "depth_file_path": "depths/frame_0027.npy"
        },
        {
            "file_path": "images/frame_0028.png",
            "transform_matrix": [
                [
                    -0.0523359589278698,
                    0.0,
                    0.9986295104026794,
                    0.9986295104026794
                ],
                [
                    0.0,
                    1.0,
                    -0.0,
                    0.0
                ],
                [
                    -0.9986295700073242,
                    0.0,
                    -0.0523359552025795,
                    -0.052335962653160095
                ],
                [
                    0.0,
                    0.0,
                    0.0,
                    1.0
                ]
            ],
            "fl_x": 305.08892822265625,
            "fl_y": 305.08892822265625,
            "cx": 256.0,
            "cy": 256.0,
            "w": 512.0,
            "h": 512.0,
            "mask_path": "masks/frame_0028.png",
            "depth_file_path": "depths/frame_0028.npy"
        },
        {
            "file_path": "images/frame_0029.png",
            "transform_matrix": [
                [
                    -6.123234262925839e-17,
                    0.0,
                    1.0,
                    1.0
                ],
                [
                    0.0,
                    1.0,
                    -0.0,
                    0.0
                ],
                [
                    -1.0,
                    0.0,
                    -6.123234262925839e-17,
                    -6.123234262925839e-17
                ],
                [
                    0.0,
                    0.0,
                    0.0,
                    1.0
                ]
            ],
            "fl_x": 305.08892822265625,
            "fl_y": 305.08892822265625,
            "cx": 256.0,
            "cy": 256.0,
            "w": 512.0,
            "h": 512.0,
            "mask_path": "masks/frame_0029.png",
            "depth_file_path": "depths/frame_0029.npy"
        },
        {
            "file_path": "images/frame_0030.png",
            "transform_matrix": [
                [
                    0.0523359589278698,
                    0.0,
                    0.9986295104026794,
                    0.9986295104026794
                ],
                [
                    -0.0,
                    1.0,
                    -0.0,
                    0.0
                ],
                [
                    -0.9986295700073242,
                    0.0,
                    0.0523359552025795,
                    0.052335962653160095
                ],
                [
                    0.0,
                    0.0,
                    0.0,
                    1.0
                ]
            ],
            "fl_x": 305.08892822265625,
            "fl_y": 305.08892822265625,
            "cx": 256.0,
            "cy": 256.0,
            "w": 512.0,
            "h": 512.0,
            "mask_path": "masks/frame_0030.png",
            "depth_file_path": "depths/frame_0030.npy"
        },
        {
            "file_path": "images/frame_0031.png",
            "transform_matrix": [
                [
                    0.10452846437692642,
                    0.0,
                    0.9945219159126282,
                    0.9945219159126282
                ],
                [
                    -0.0,
                    1.0,
                    -0.0,
                    0.0
                ],
                [
                    -0.9945219159126282,
                    0.0,
                    0.10452846437692642,
                    0.10452846437692642
                ],
                [
                    0.0,
                    0.0,
                    0.0,
                    1.0
                ]
            ],
            "fl_x": 305.08892822265625,
            "fl_y": 305.08892822265625,
            "cx": 256.0,
            "cy": 256.0,
            "w": 512.0,
            "h": 512.0,
            "mask_path": "masks/frame_0031.png",
            "depth_file_path": "depths/frame_0031.npy"
        },
        {
            "file_path": "images/frame_0032.png",
            "transform_matrix": [
                [
                    0.15643446147441864,
                    0.0,
                    0.9876883625984192,
                    0.9876883625984192
                ],
                [
                    -0.0,
                    1.0,
                    -0.0,
                    0.0
                ],
                [
                    -0.9876883625984192,
                    0.0,
                    0.15643446147441864,
                    0.15643447637557983
                ],
                [
                    0.0,
                    0.0,
                    0.0,
                    1.0
                ]
            ],
            "fl_x": 305.08892822265625,
            "fl_y": 305.08892822265625,
            "cx": 256.0,
            "cy": 256.0,
            "w": 512.0,
            "h": 512.0,
            "mask_path": "masks/frame_0032.png",
            "depth_file_path": "depths/frame_0032.npy"
        },
        {
            "file_path": "images/frame_0033.png",
            "transform_matrix": [
                [
                    0.2079116851091385,
                    0.0,
                    0.9781476259231567,
                    0.9781476855278015
                ],
                [
                    -0.0,
                    1.0,
                    -0.0,
                    0.0
                ],
                [
                    -0.9781476259231567,
                    0.0,
                    0.2079116851091385,
                    0.20791170001029968
                ],
                [
                    0.0,
                    0.0,
                    0.0,
                    1.0
                ]
            ],
            "fl_x": 305.08892822265625,
            "fl_y": 305.08892822265625,
            "cx": 256.0,
            "cy": 256.0,
            "w": 512.0,
            "h": 512.0,
            "mask_path": "masks/frame_0033.png",
            "depth_file_path": "depths/frame_0033.npy"
        },
        {
            "file_path": "images/frame_0034.png",
            "transform_matrix": [
                [
                    0.2588190734386444,
                    0.0,
                    0.9659258723258972,
                    0.9659258127212524
                ],
                [
                    -0.0,
                    1.0,
                    -0.0,
                    0.0
                ],
                [
                    -0.9659258723258972,
                    0.0,
                    0.2588190734386444,
                    0.25881901383399963
                ],
                [
                    0.0,
                    0.0,
                    0.0,
                    1.0
                ]
            ],
            "fl_x": 305.08892822265625,
            "fl_y": 305.08892822265625,
            "cx": 256.0,
            "cy": 256.0,
            "w": 512.0,
            "h": 512.0,
            "mask_path": "masks/frame_0034.png",
            "depth_file_path": "depths/frame_0034.npy"
        },
        {
            "file_path": "images/frame_0035.png",
            "transform_matrix": [
                [
                    0.30901700258255005,
                    0.0,
                    0.9510565400123596,
                    0.9510564804077148
                ],
                [
                    -0.0,
                    1.0,
                    -0.0,
                    0.0
                ],
                [
                    -0.9510565400123596,
                    0.0,
                    0.30901700258255005,
                    0.30901697278022766
                ],
                [
                    0.0,
                    0.0,
                    0.0,
                    1.0
                ]
            ],
            "fl_x": 305.08892822265625,
            "fl_y": 305.08892822265625,
            "cx": 256.0,
            "cy": 256.0,
            "w": 512.0,
            "h": 512.0,
            "mask_path": "masks/frame_0035.png",
            "depth_file_path": "depths/frame_0035.npy"
        },
        {
            "file_path": "images/frame_0036.png",
            "transform_matrix": [
                [
                    0.3583679795265198,
                    0.0,
                    0.9335804581642151,
                    0.9335803389549255
                ],
                [
                    -0.0,
                    1.0,
                    -0.0,
                    0.0
                ],
                [
                    -0.9335804581642151,
                    0.0,
                    0.3583679795265198,
                    0.3583679497241974
                ],
                [
                    0.0,
                    0.0,
                    0.0,
                    1.0
                ]
            ],
            "fl_x": 305.08892822265625,
            "fl_y": 305.08892822265625,
            "cx": 256.0,
            "cy": 256.0,
            "w": 512.0,
            "h": 512.0,
            "mask_path": "masks/frame_0036.png",
            "depth_file_path": "depths/frame_0036.npy"
        },
        {
            "file_path": "images/frame_0037.png",
            "transform_matrix": [
                [
                    0.40673667192459106,
                    0.0,
                    0.9135454297065735,
                    0.9135454893112183
                ],
                [
                    -0.0,
                    1.0,
                    -0.0,
                    0.0
                ],
                [
                    -0.9135454893112183,
                    0.0,
                    0.4067366421222687,
                    0.40673667192459106
                ],
                [
                    0.0,
